
time,npos,epos,alt,phi,theta,psi,vel,alpha,beta,p,q,r,nx,ny,nz,mach,qbar,ps,

 0.00000, 0.00000, 0.00000,10000.00000, 0.00000, 3.18645, 0.00000,500.00000, 3.18645, 0.00000,15.00000, 0.00000, 0.00000, 0.05103, 0.00100, 0.91670, 0.46436,219.72452,1454.59743,1926.32095,-2.16195,-1.23872, 0.52494,
 0.10000,50.00000, 0.00116,9999.98714, 1.49681, 3.18633, 0.00103,500.00007, 3.21431, 0.08672,14.90432,-0.00260, 0.03059, 0.05134,-0.00450, 0.92231, 0.46436,219.72467,1454.59815,1926.32095,-2.16195,-1.23872, 0.52494,
 0.20000,100.00000, 0.00862,9999.94964, 2.97586, 3.18553, 0.00810,500.00035, 3.23738, 0.17456,14.64510,-0.00778, 0.12103, 0.05160,-0.00998, 0.92690, 0.46436,219.72517,1454.60027,1926.32095,-2.16195,-1.23872, 0.52494,
 0.30000,150.00002, 0.02836,9999.88881, 4.42335, 3.18322, 0.02703,500.00094, 3.25582, 0.25665,14.26823,-0.01306, 0.26810, 0.05180,-0.01501, 0.93054, 0.46436,219.72610,1454.60371,1926.32095,-2.16195,-1.23872, 0.52494,
 0.40000,200.00008, 0.06639,9999.80555, 5.83027, 3.17844, 0.06304,500.00197, 3.27019, 0.32702,13.82277,-0.01658, 0.46404, 0.05196,-0.01921, 0.93338, 0.46436,219.72758,1454.60842,1926.32095,-2.16195,-1.23872, 0.52494,
 0.50000,250.00020, 0.12878,9999.70037, 7.19243, 3.17013, 0.12037,500.00360, 3.28126, 0.38103,13.35759,-0.01716, 0.69743, 0.05208,-0.02232, 0.93562, 0.46436,219.72974,1454.61437,1926.32095,-2.16195,-1.23872, 0.52494,
 0.60000,300.00043, 0.22176,9999.57345, 8.51032, 3.15723, 0.20196,500.00599, 3.28987, 0.41569,12.91788,-0.01427, 0.95445, 0.05218,-0.02414, 0.93743, 0.46436,219.73271,1454.62154,1926.32095,-2.16195,-1.23872, 0.52494,
 0.70000,350.00079, 0.35170,9999.42467, 9.78854, 3.13876, 0.30926,500.00929, 3.29683, 0.42976,12.54220,-0.00789, 1.22013, 0.05226,-0.02463, 0.93898, 0.46437,219.73664,1454.62995,1926.32095,-2.16195,-1.23872, 0.52494,
 0.80000,400.00133, 0.52522,9999.25366,11.03503, 3.11397, 0.44227,500.01365, 3.30282, 0.42379,12.26003, 0.00165, 1.47969, 0.05233,-0.02384, 0.94041, 0.46437,219.74165,1454.63962,1926.32095,-2.16195,-1.23872, 0.52494,
 0.90000,450.00208, 0.74914,9999.05981,12.26007, 3.08232, 0.59952,500.01920, 3.30835, 0.39987,12.09034, 0.01381, 1.71974, 0.05240,-0.02192, 0.94180, 0.46438,219.74786,1454.65058,1926.32095,-2.16195,-1.23872, 0.52494,
 1.00000,500.00307, 1.03055,9998.84228,13.47518, 3.04361, 0.77839,500.02603, 3.31376, 0.36146,12.04089, 0.02798, 1.92927, 0.05247,-0.01912, 0.94321, 0.46438,219.75536,1454.66288,1926.32095,-2.16195,-1.23872, 0.52494,
 1.10000,550.00428, 1.37671,9998.60002,14.69209, 2.99793, 0.97528,500.03423, 3.31922, 0.31291,12.10859, 0.04352, 2.10036, 0.05254,-0.01572, 0.94468, 0.46439,219.76423,1454.67658,1926.32095,-2.16195,-1.23872, 0.52494,
 1.20000,600.00569, 1.79508,9998.33177,15.92169, 2.94566, 1.18605,500.04386, 3.32478, 0.25913,12.28060, 0.05981, 2.22869, 0.05261,-0.01206, 0.94617, 0.46440,219.77454,1454.69174,1926.32095,-2.16195,-1.23872, 0.52494,
 1.30000,650.00726, 2.29327,9998.03605,17.17314, 2.88739, 1.40631,500.05500, 3.33031, 0.20510,12.53612, 0.07622, 2.31357, 0.05268,-0.00844, 0.94768, 0.46441,219.78637,1454.70846,1926.32095,-2.16195,-1.23872, 0.52494,
 1.40000,700.00889, 2.87891,9997.71116,18.45326, 2.82386, 1.63184,500.06773, 3.33557, 0.15550,12.84871, 0.09221, 2.35782, 0.05274,-0.00517, 0.94912, 0.46442,219.79980,1454.72683,1926.32095,-2.16195,-1.23872, 0.52494,
 1.50000,750.01046, 3.55966,9997.35519,19.76609, 2.75588, 1.85886,500.08218, 3.34018, 0.11431,13.18884, 0.10729, 2.36728, 0.05280,-0.00249, 0.95042, 0.46443,219.81495,1454.74696,1926.32095,-2.16195,-1.23872, 0.52494,
 1.60000,800.01182, 4.34311,9996.96599,21.11270, 2.68417, 2.08430,500.09852, 3.34367, 0.08455,13.52654, 0.12110, 2.35014, 0.05285,-0.00060, 0.95147, 0.46445,219.83199,1454.76896,1926.32095,-2.16195,-1.23872, 0.52494,
 1.70000,850.01277, 5.23669,9996.54116,22.49132, 2.60933, 2.30599,500.11695, 3.34549, 0.06810,13.83397, 0.13347, 2.31614, 0.05287, 0.00042, 0.95216, 0.46446,219.85112,1454.79298,1926.32095,-2.16195,-1.23872, 0.52494,
 1.80000,900.01311, 6.24764,9996.07804,23.89765, 2.53170, 2.52273,500.13776, 3.34507, 0.06560,14.08754, 0.14447, 2.27562, 0.05287, 0.00051, 0.95238, 0.46448,219.87260,1454.81917,1926.32095,-2.16195,-1.23872, 0.52494,
 1.90000,950.01259, 7.38292,9995.57372,25.32536, 2.45133, 2.73430,500.16127, 3.34189, 0.07649,14.26963, 0.15442, 2.23868, 0.05283,-0.00025, 0.95203, 0.46450,219.89675,1454.84768,1926.32095,-2.16195,-1.23872, 0.52494,
 2.00000,1000.01096, 8.64923,9995.02501,26.76674, 2.36794, 2.94139,500.18784, 3.33554, 0.09912,14.36973, 0.16391, 2.21434, 0.05276,-0.00175, 0.95104, 0.46453,219.92388,1454.87871,1926.32095,-2.16195,-1.23872, 0.52494,
 2.10000,1050.00794,10.05292,9994.42847,28.21345, 2.28089, 3.14541,500.21786, 3.32574, 0.13100,14.38483, 0.17370, 2.20985, 0.05265,-0.00383, 0.94936, 0.46455,219.95439,1454.91244,1926.32095,-2.16195,-1.23872, 0.52494,
 2.20000,1100.00324,11.60002,9993.78036,29.65720, 2.18925, 3.34832,500.25175, 3.31244, 0.16903,14.31921, 0.18466, 2.23021, 0.05251,-0.00627, 0.94701, 0.46458,219.98866,1454.94909,1926.32095,-2.16195,-1.23872, 0.52494,
 2.30000,1149.99654,13.29624,9993.07672,31.09049, 2.09186, 3.55237,500.28992, 3.29577, 0.20979,14.18360, 0.19769, 2.27796, 0.05232,-0.00886, 0.94403, 0.46462,220.02708,1454.98888,1926.32095,-2.16195,-1.23872, 0.52494,
 2.40000,1199.98754,15.14700,9992.31334,32.50712, 1.98740, 3.75992,500.33281, 3.27605, 0.24991,13.99381, 0.21357, 2.35306, 0.05210,-0.01136, 0.94050, 0.46466,220.07006,1455.03205,1926.32095,-2.16195,-1.23872, 0.52494,
 2.50000,1249.97590,17.15745,9991.48577,33.90266, 1.87453, 3.97314,500.38081, 3.25376, 0.28628,13.76906, 0.23295, 2.45312, 0.05185,-0.01359, 0.93653, 0.46470,220.11799,1455.07884,1926.32095,-2.16195,-1.23872, 0.52494,
 2.60000,1299.96125,19.33251,9990.58939,35.27464, 1.75201, 4.19390,500.43432, 3.22946, 0.31632,13.53011, 0.25625, 2.57380, 0.05158,-0.01538, 0.93225, 0.46475,220.17126,1455.12954,1926.32095,-2.16195,-1.23872, 0.52494,
 2.70000,1349.94322,21.67695,9989.61938,36.62264, 1.61879, 4.42357,500.49374, 3.20376, 0.33815,13.29737, 0.28367, 2.70921, 0.05130,-0.01662, 0.92779, 0.46480,220.23023,1455.18439,1926.32095,-2.16195,-1.23872, 0.52494,
 2.80000,1399.92139,24.19538,9988.57075,37.94816, 1.47412, 4.66298,500.55941, 3.17726, 0.35068,13.08929, 0.31519, 2.85261, 0.05101,-0.01725, 0.92326, 0.46486,220.29526,1455.24370,1926.32095,-2.16195,-1.23872, 0.52494,
 2.90000,1449.89533,26.89235,9987.43836,39.25436, 1.31759, 4.91237,500.63169, 3.15049, 0.35365,12.92095, 0.35062, 2.99694, 0.05072,-0.01726, 0.91879, 0.46492,220.36669,1455.30774,1926.32095,-2.16195,-1.23872, 0.52494,
 3.00000,1499.86454,29.77234,9986.21696,40.54569, 1.14921, 5.17142,500.71091, 3.12390, 0.34758,12.80306, 0.38965, 3.13544, 0.05042,-0.01670, 0.91444, 0.46500,220.44487,1455.37682,1926.32095,-2.16195,-1.23872, 0.52494,
 3.10000,1549.82849,32.83978,9984.90115,41.82739, 0.96936, 5.43931,500.79738, 3.09783, 0.33369,12.74151, 0.43184, 3.26220, 0.05014,-0.01565, 0.91029, 0.46507,220.53010,1455.45124,1926.32095,-2.16195,-1.23872, 0.52494,
 3.20000,1599.78660,36.09910,9983.48543,43.10506, 0.77876, 5.71481,500.89141, 3.07250, 0.31373,12.73719, 0.47670, 3.37252, 0.04986,-0.01423, 0.90637, 0.46516,220.62269,1455.53132,1926.32095,-2.16195,-1.23872, 0.52494,
 3.30000,1649.73824,39.55467,9981.96420,44.38416, 0.57843, 5.99644,500.99329, 3.04802, 0.28979,12.78637, 0.52372, 3.46324, 0.04959,-0.01258, 0.90269, 0.46525,220.72296,1455.61737,1926.32095,-2.16195,-1.23872, 0.52494,
 3.40000,1699.68271,43.21085,9980.33176,45.66957, 0.36955, 6.28256,501.10331, 3.02438, 0.26414,12.88130, 0.57236, 3.53285, 0.04933,-0.01086, 0.89924, 0.46535,220.83120,1455.70972,1926.32095,-2.16195,-1.23872, 0.52494,
 3.50000,1749.61926,47.07189,9978.58235,46.96528, 0.15342, 6.57155,501.22178, 3.00146, 0.23903,13.01119, 0.62211, 3.58154, 0.04908,-0.00920, 0.89599, 0.46546,220.94773,1455.80868,1926.32095,-2.16195,-1.23872, 0.52494,
 3.60000,1799.54708,51.14200,9976.71014,48.27409,-0.06871, 6.86187,501.34901, 2.97906, 0.21648,13.16326, 0.67249, 3.61101, 0.04883,-0.00774, 0.89289, 0.46557,221.07287,1455.91460,1926.32095,-2.16195,-1.23872, 0.52494,
 3.70000,1849.46531,55.42521,9974.70922,49.59751,-0.29572, 7.15221,501.48532, 2.95692, 0.19816,13.32394, 0.72308, 3.62426, 0.04858,-0.00657, 0.88987, 0.46569,221.20694,1456.02781,1926.32095,-2.16195,-1.23872, 0.52494,
 3.80000,1899.37302,59.92545,9972.57366,50.93573,-0.52670, 7.44152,501.63104, 2.93472, 0.18528,13.48000, 0.77357, 3.62525, 0.04833,-0.00578, 0.88687, 0.46583,221.35032,1456.14865,1926.32095,-2.16195,-1.23872, 0.52494,
 3.90000,1949.26925,64.64642,9970.29746,52.28766,-0.76103, 7.72909,501.78654, 2.91211, 0.17850,13.61959, 0.82375, 3.61852, 0.04807,-0.00540, 0.88381, 0.46597,221.50335,1456.27745,1926.32095,-2.16195,-1.23872, 0.52494,
 4.00000,1999.15301,69.59162,9967.87462,53.65116,-0.99840, 8.01451,501.95220, 2.88877, 0.17797,13.73310, 0.87351, 3.60878, 0.04780,-0.00542, 0.88062, 0.46612,221.66644,1456.41455,1926.32095,-2.16195,-1.23872, 0.52494,
 4.10000,2049.02323,74.76430,9965.29907,55.02327,-1.23887, 8.29768,502.12841, 2.86440, 0.18327,13.81378, 0.92289, 3.60051, 0.04751,-0.00583, 0.87725, 0.46627,221.83997,1456.56031,1926.32095,-2.16195,-1.23872, 0.52494,
 4.20000,2098.87885,80.16746,9962.56475,56.40050,-1.48281, 8.57877,502.31556, 2.83877, 0.19356,13.85806, 0.97205, 3.59763, 0.04721,-0.00655, 0.87365, 0.46644,222.02437,1456.71507,1926.32095,-2.16195,-1.23872, 0.52494,
 4.30000,2148.71875,85.80382,9959.66554,57.77915,-1.73086, 8.85812,502.51407, 2.81173, 0.20764,13.86566, 1.02121, 3.60323, 0.04688,-0.00750, 0.86979, 0.46662,222.22006,1456.87918,1926.32095,-2.16195,-1.23872, 0.52494,
 4.40000,2198.54180,91.67583,9956.59532,59.15566,-1.98389, 9.13622,502.72436, 2.78322, 0.22406,13.83935, 1.07069, 3.61931, 0.04654,-0.00860, 0.86567, 0.46681,222.42745,1457.05298,1926.32095,-2.16195,-1.23872, 0.52494,
 4.50000,2248.34685,97.78570,9953.34792,60.52683,-2.24289, 9.41362,502.94682, 2.75328, 0.24129,13.78454, 1.12081, 3.64679, 0.04618,-0.00974, 0.86131, 0.46701,222.64697,1457.23684,1926.32095,-2.16195,-1.23872, 0.52494,
 4.60000,2298.13270,104.13535,9949.91717,61.89014,-2.50891, 9.69082,503.18188, 2.72201, 0.25783,13.70859, 1.17187, 3.68542, 0.04580,-0.01081, 0.85672, 0.46723,222.87906,1457.43109,1926.32095,-2.16195,-1.23872, 0.52494,
 4.70000,2347.89814,110.72648,9946.29684,63.24384,-2.78292, 9.96830,503.42991, 2.68961, 0.27233,13.62014, 1.22416, 3.73394, 0.04540,-0.01174, 0.85196, 0.46745,223.12412,1457.63610,1926.32095,-2.16195,-1.23872, 0.52494,
 4.80000,2397.64194,117.56057,9942.48069,64.58707,-3.06577,10.24639,503.69133, 2.65630, 0.28367,13.52829, 1.27789, 3.79020, 0.04499,-0.01246, 0.84707, 0.46769,223.38258,1457.85222,1926.32095,-2.16195,-1.23872, 0.52494,
 4.90000,2447.36282,124.63892,9938.46243,65.91987,-3.35810,10.52529,503.96650, 2.62233, 0.29108,13.44182, 1.33318, 3.85142, 0.04457,-0.01291, 0.84212, 0.46793,223.65484,1458.07981,1926.32095,-2.16195,-1.23872, 0.52494,
 5.00000,2497.05948,131.96263,9934.23573,67.24313,-3.66031,10.80506,504.25581, 2.58798, 0.29411,13.36850, 1.39010, 3.91445, 0.04413,-0.01308, 0.83715, 0.46820,223.94130,1458.31925,1926.32095,-2.16195,-1.23872, 0.52494,
 5.10000,2546.73058,139.53265,9929.79422,68.55843,-3.97249,11.08560,504.55960, 2.55347, 0.29271,13.31459, 1.44863, 3.97603, 0.04370,-0.01296, 0.83222, 0.46847,224.24237,1458.57088,1926.32095,-2.16195,-1.23872, 0.52494,
 5.20000,2596.37473,147.34980,9925.13152,69.86791,-4.29446,11.36668,504.87823, 2.51901, 0.28716,13.28440, 1.50867, 4.03309, 0.04326,-0.01258, 0.82736, 0.46876,224.55844,1458.83509,1926.32095,-2.16195,-1.23872, 0.52494,
 5.30000,2645.99050,155.41474,9920.24119,71.17405,-4.62578,11.64798,505.21204, 2.48477, 0.27804,13.28011, 1.57007, 4.08291, 0.04282,-0.01197, 0.82261, 0.46906,224.88989,1459.11224,1926.32095,-2.16195,-1.23872, 0.52494,
 5.40000,2695.57642,163.72802,9915.11676,72.47943,-4.96577,11.92909,505.56138, 2.45085, 0.26617,13.30177, 1.63262, 4.12338, 0.04237,-0.01120, 0.81799, 0.46937,225.23711,1459.40269,1926.32095,-2.16195,-1.23872, 0.52494,
 5.50000,2745.13098,172.29007,9909.75177,73.78658,-5.31360,12.20958,505.92656, 2.41730, 0.25250,13.34743, 1.69610, 4.15310, 0.04193,-0.01033, 0.81350, 0.46970,225.60048,1459.70684,1926.32095,-2.16195,-1.23872, 0.52494,
 5.60000,2794.65261,181.10118,9904.13974,75.09774,-5.66832,12.48900,506.30791, 2.38413, 0.23808,13.41348, 1.76024, 4.17141, 0.04148,-0.00942, 0.80913, 0.47005,225.98038,1460.02504,1926.32095,-2.16195,-1.23872, 0.52494,
 5.70000,2844.13971,190.16150,9898.27418,76.41474,-6.02896,12.76693,506.70576, 2.35129, 0.22390,13.49501, 1.82481, 4.17844, 0.04104,-0.00855, 0.80489, 0.47041,226.37719,1460.35767,1926.32095,-2.16195,-1.23872, 0.52494,
 5.80000,2893.59063,199.47105,9892.14865,77.73889,-6.39460,13.04300,507.12042, 2.31869, 0.21088,13.58634, 1.88956, 4.17501, 0.04059,-0.00776, 0.80073, 0.47078,226.79131,1460.70512,1926.32095,-2.16195,-1.23872, 0.52494,
 5.90000,2943.00370,209.02968,9885.75673,79.07089,-6.76441,13.31688,507.55222, 2.28621, 0.19976,13.68147, 1.95428, 4.16256, 0.04014,-0.00712, 0.79663, 0.47117,227.22311,1461.06775,1926.32095,-2.16195,-1.23872, 0.52494,
 6.00000,2992.37721,218.83711,9879.09204,80.41088,-7.13772,13.58833,508.00147, 2.25372, 0.19107,13.77463, 2.01880, 4.14294, 0.03968,-0.00665, 0.79256, 0.47158,227.67299,1461.44592,1926.32095,-2.16195,-1.23872, 0.52494,
 6.10000,3041.70942,228.89285,9872.14827,81.75845,-7.51404,13.85716,508.46848, 2.22106, 0.18511,13.86070, 2.08301, 4.11828, 0.03921,-0.00637, 0.78849, 0.47200,228.14133,1461.84002,1926.32095,-2.16195,-1.23872, 0.52494,
 6.20000,3090.99859,239.19625,9864.91918,83.11270,-7.89309,14.12326,508.95357, 2.18812, 0.18192,13.93554, 2.14684, 4.09080, 0.03873,-0.00627, 0.78438, 0.47243,228.62852,1462.25040,1926.32095,-2.16195,-1.23872, 0.52494,
 6.30000,3140.24294,249.74646,9857.39861,84.47240,-8.27481,14.38654,509.45705, 2.15477, 0.18133,13.99631, 2.21031, 4.06259, 0.03824,-0.00635, 0.78022, 0.47289,229.13496,1462.67743,1926.32095,-2.16195,-1.23872, 0.52494,
 6.40000,3189.44071,260.54245,9849.58047,85.83608,-8.65932,14.64697,509.97921, 2.12095, 0.18293,14.04154, 2.27346, 4.03550, 0.03773,-0.00658, 0.77599, 0.47336,229.66104,1463.12146,1926.32095,-2.16195,-1.23872, 0.52494,
 6.50000,3238.59011,271.58300,9841.45879,87.20221,-9.04688,14.90454,510.52034, 2.08661, 0.18619,14.07121, 2.33639, 4.01098, 0.03721,-0.00692, 0.77167, 0.47385,230.20713,1463.58285,1926.32095,-2.16195,-1.23872, 0.52494,
 6.60000,3287.68937,282.86669,9833.02765,88.56931,-9.43789,15.15922,511.08073, 2.05176, 0.19046,14.08659, 2.39921, 3.99001, 0.03668,-0.00732, 0.76728, 0.47435,230.77362,1464.06194,1926.32095,-2.16195,-1.23872, 0.52494,
 6.70000,3336.73668,294.39192,9824.28125,89.93609,-9.83281,15.41100,511.66065, 2.01644, 0.19504,14.09012, 2.46208, 3.97303, 0.03614,-0.00773, 0.76282, 0.47487,231.36089,1464.55907,1926.32095,-2.16195,-1.23872, 0.52494,
 6.80000,3385.73028,306.15690,9815.21385,91.30156,-10.23210,15.65986,512.26036, 1.98075, 0.19925,14.08505, 2.52511, 3.95996, 0.03558,-0.00812, 0.75831, 0.47541,231.96931,1465.07460,1926.32095,-2.16195,-1.23872, 0.52494,
 6.90000,3434.66837,318.15969,9805.81980,92.66506,-10.63620,15.90576,512.88011, 1.94479, 0.20248,14.07519, 2.58843, 3.95021, 0.03501,-0.00844, 0.75378, 0.47597,232.59923,1465.60885,1926.32095,-2.16195,-1.23872, 0.52494,
 7.00000,3483.54916,330.39817,9796.09351,94.02636,-11.04546,16.14863,513.52014, 1.90871, 0.20423,14.06453, 2.65213, 3.94280, 0.03443,-0.00865, 0.74925, 0.47655,233.25102,1466.16216,1926.32095,-2.16195,-1.23872, 0.52494,
 7.10000,3532.37085,342.87008,9786.02949,95.38560,-11.46012,16.38842,514.18067, 1.87266, 0.20415,14.05693, 2.71623, 3.93645, 0.03385,-0.00874, 0.74477, 0.47714,233.92503,1466.73486,1926.32095,-2.16195,-1.23872, 0.52494,
 7.20000,3581.13164,355.57301,9775.62226,96.74331,-11.88027,16.62506,514.86191, 1.83678, 0.20204,14.05578, 2.78076, 3.92967, 0.03325,-0.00870, 0.74037, 0.47776,234.62160,1467.32728,1926.32095,-2.16195,-1.23872, 0.52494,
 7.30000,3629.82972,368.50442,9764.86645,98.10030,-12.30588,16.85849,515.56408, 1.80123, 0.19788,14.06381, 2.84567, 3.92093, 0.03265,-0.00851, 0.73606, 0.47839,235.34108,1467.93975,1926.32095,-2.16195,-1.23872, 0.52494,
 7.40000,3678.46326,381.66166,9753.75671,99.45764,-12.73674,17.08866,516.28735, 1.76612, 0.19181,14.08288, 2.91086, 3.90878, 0.03205,-0.00820, 0.73189, 0.47904,236.08379,1468.57259,1926.32095,-2.16195,-1.23872, 0.52494,
 7.50000,3727.03042,395.04194,9742.28775,100.81653,-13.17254,17.31553,517.03191, 1.73156, 0.18409,14.11392, 2.97622, 3.89194, 0.03145,-0.00778, 0.72786, 0.47971,236.85008,1469.22612,1926.32095,-2.16195,-1.23872, 0.52494,
 7.60000,3775.52936,408.64238,9730.45436,102.17819,-13.61285,17.53911,517.79793, 1.69763, 0.17511,14.15690, 3.04160, 3.86942, 0.03084,-0.00729, 0.72400, 0.48040,237.64026,1469.90066,1926.32095,-2.16195,-1.23872, 0.52494,
 7.70000,3823.95822,422.45997,9718.25137,103.54382,-14.05716,17.75939,518.58559, 1.66436, 0.16533,14.21089, 3.10683, 3.84056, 0.03023,-0.00674, 0.72030, 0.48111,238.45468,1470.59653,1926.32095,-2.16195,-1.23872, 0.52494,
 7.80000,3872.31511,436.49162,9705.67368,104.91447,-14.50494,17.97642,519.39503, 1.63177, 0.15522,14.27421, 3.17173, 3.80510, 0.02962,-0.00618, 0.71677, 0.48184,239.29364,1471.31404,1926.32095,-2.16195,-1.23872, 0.52494,
 7.90000,3920.59817,450.73413,9692.71626,106.29100,-14.95563,18.19025,520.22640, 1.59985, 0.14525,14.34463, 3.23612, 3.76312, 0.02901,-0.00564, 0.71341, 0.48258,240.15748,1472.05351,1926.32095,-2.16195,-1.23872, 0.52494,
 8.00000,3968.80550,465.18418,9679.37418,107.67401,-15.40874,18.40093,521.07984, 1.56858, 0.13586,14.41955, 3.29983, 3.71508, 0.02840,-0.00514, 0.71020, 0.48335,241.04652,1472.81525,1926.32095,-2.16195,-1.23872, 0.52494,
 8.10000,4016.93521,479.83837,9665.64258,109.06384,-15.86381,18.60854,521.95548, 1.53790, 0.12739,14.49622, 3.36272, 3.66172, 0.02778,-0.00471, 0.70713, 0.48414,241.96106,1473.59956,1926.32095,-2.16195,-1.23872, 0.52494,
 8.20000,4064.98541,494.69321,9651.51671,110.46057,-16.32048,18.81310,522.85346, 1.50776, 0.12008,14.57204, 3.42468, 3.60400, 0.02716,-0.00437, 0.70419, 0.48495,242.90143,1474.40674,1926.32095,-2.16195,-1.23872, 0.52494,
 8.30000,4112.95422,509.74508,9636.99190,111.86403,-16.77849,19.01467,523.77387, 1.47809, 0.11409,14.64469, 3.48562, 3.54302, 0.02653,-0.00412, 0.70136, 0.48577,243.86793,1475.23708,1926.32095,-2.16195,-1.23872, 0.52494,
 8.40000,4160.83977,524.99028,9622.06362,113.27385,-17.23769,19.21322,524.71683, 1.44886, 0.10941,14.71231, 3.54551, 3.47993, 0.02590,-0.00397, 0.69862, 0.48662,244.86089,1476.09089,1926.32095,-2.16195,-1.23872, 0.52494,
 8.50000,4208.64020,540.42500,9606.72744,114.68952,-17.69803,19.40875,525.68243, 1.42001, 0.10596,14.77366, 3.60432, 3.41580, 0.02526,-0.00390, 0.69598, 0.48749,245.88060,1476.96843,1926.32095,-2.16195,-1.23872, 0.52494,
 8.60000,4256.35365,556.04535,9590.97903,116.11044,-18.15953,19.60117,526.67076, 1.39152, 0.10355,14.82812, 3.66208, 3.35160, 0.02462,-0.00391, 0.69342, 0.48837,246.92736,1477.87001,1926.32095,-2.16195,-1.23872, 0.52494,
 8.70000,4303.97831,571.84730,9574.81421,117.53599,-18.62232,19.79038,527.68189, 1.36339, 0.10191,14.87577, 3.71883, 3.28807, 0.02397,-0.00397, 0.69094, 0.48928,248.00147,1478.79588,1926.32095,-2.16195,-1.23872, 0.52494,
 8.80000,4351.51237,587.82677,9558.22887,118.96562,-19.08656,19.97625,528.71590, 1.33564, 0.10074,14.91726, 3.77462, 3.22572, 0.02331,-0.00406, 0.68856, 0.49021,249.10323,1479.74632,1926.32095,-2.16195,-1.23872, 0.52494,
 8.90000,4398.95403,603.97956,9541.21904,120.39888,-19.55243,20.15863,529.77282, 1.30829, 0.09970,14.95379, 3.82952, 3.16478, 0.02264,-0.00416, 0.68627, 0.49116,250.23292,1480.72160,1926.32095,-2.16195,-1.23872, 0.52494,
 9.00000,4446.30154,620.30136,9523.78084,121.83544,-20.02012,20.33735,530.85271, 1.28142, 0.09848,14.98693, 3.88358, 3.10523, 0.02197,-0.00424, 0.68409, 0.49213,251.39082,1481.72198,1926.32095,-2.16195,-1.23872, 0.52494,
 9.10000,4493.55314,636.78780,9505.91050,123.27518,-20.48980,20.51223,531.95560, 1.25508, 0.09679,15.01849, 3.93684, 3.04678, 0.02130,-0.00429, 0.68205, 0.49312,252.57722,1482.74772,1926.32095,-2.16195,-1.23872, 0.52494,
 9.20000,4540.70711,653.43439,9487.60433,124.71813,-20.96160,20.68312,533.08152, 1.22936, 0.09440,15.05035, 3.98932, 2.98895, 0.02062,-0.00428, 0.68015, 0.49413,253.79239,1483.79906,1926.32095,-2.16195,-1.23872, 0.52494,
 9.30000,4587.76174,670.23657,9468.85872,126.16454,-21.43560,20.84989,534.23047, 1.20434, 0.09118,15.08428, 4.04102, 2.93109, 0.01993,-0.00420, 0.67842, 0.49516,255.03661,1484.87627,1926.32095,-2.16195,-1.23872, 0.52494,
 9.40000,4634.71532,687.18968,9449.67015,127.61479,-21.91179,21.01243,535.40248, 1.18010, 0.08704,15.12184, 4.09191, 2.87248, 0.01925,-0.00406, 0.67688, 0.49621,256.31014,1485.97958,1926.32095,-2.16195,-1.23872, 0.52494,
 9.50000,4681.56618,704.28898,9430.03518,129.06938,-22.39015,21.17067,536.59753, 1.15670, 0.08200,15.16420, 4.14193, 2.81239, 0.01856,-0.00385, 0.67555, 0.49728,257.61324,1487.10924,1926.32095,-2.16195,-1.23872, 0.52494,
 9.60000,4728.31265,721.52964,9409.95043,130.52892,-22.87055,21.32460,537.81562, 1.13423, 0.07615,15.21212, 4.19100, 2.75014, 0.01788,-0.00358, 0.67444, 0.49837,258.94620,1488.26549,1926.32095,-2.16195,-1.23872, 0.52494,
 9.70000,4774.95308,738.90675,9389.41259,131.99405,-23.35284,21.47422,539.05673, 1.11271, 0.06965,15.26589, 4.23902, 2.68516, 0.01719,-0.00326, 0.67356, 0.49948,260.30927,1489.44858,1926.32095,-2.16195,-1.23872, 0.52494,
 9.80000,4821.48581,756.41533,9368.41843,133.46538,-23.83683,21.61958,540.32084, 1.09219, 0.06271,15.32532, 4.28587, 2.61705, 0.01651,-0.00291, 0.67293, 0.50061,261.70271,1490.65873,1926.32095,-2.16195,-1.23872, 0.52494,
 9.90000,4867.90923,774.05030,9346.96477,134.94351,-24.32232,21.76075,541.60793, 1.07268, 0.05556,15.38979, 4.33144, 2.54559, 0.01583,-0.00254, 0.67254, 0.50176,263.12679,1491.89619,1926.32095,-2.16195,-1.23872, 0.52494,
10.00000,4914.22172,791.80651,9325.04852,136.42890,-24.80907,21.89781,542.91795, 1.05418, 0.04844,15.45834, 4.37560, 2.47079, 0.01515,-0.00218, 0.67240, 0.50294,264.58176,1493.16119,1926.32095,-2.16195,-1.23872, 0.52494,
10.10000,4960.42168,809.67874,9302.66665,137.92196,-25.29689,22.03085,544.25086, 1.03667, 0.04158,15.52977, 4.41825, 2.39284, 0.01447,-0.00183, 0.67250, 0.50413,266.06790,1494.45395,1926.32095,-2.16195,-1.23872, 0.52494,
10.20000,5006.50752,827.66168,9279.81623,139.42293,-25.78560,22.15992,545.60661, 1.02014, 0.03519,15.60270, 4.45929, 2.31212, 0.01379,-0.00153, 0.67285, 0.50534,267.58545,1495.77471,1926.32095,-2.16195,-1.23872, 0.52494,
10.30000,5052.47771,845.74995,9256.49437,140.93194,-26.27504,22.28507,546.98515, 1.00454, 0.02941,15.67580, 4.49866, 2.22915, 0.01311,-0.00126, 0.67342, 0.50657,269.13467,1497.12369,1926.32095,-2.16195,-1.23872, 0.52494,
10.40000,5098.33069,863.93810,9232.69830,142.44901,-26.76510,22.40628,548.38642, 0.98984, 0.02433,15.74780, 4.53631, 2.14456, 0.01243,-0.00105, 0.67422, 0.50783,270.71582,1498.50110,1926.32095,-2.16195,-1.23872, 0.52494,
10.50000,5144.06496,882.22059,9208.42534,143.97408,-27.25572,22.52349,549.81034, 0.97602, 0.01999,15.81766, 4.57221, 2.05902, 0.01175,-0.00089, 0.67524, 0.50910,272.32915,1499.90717,1926.32095,-2.16195,-1.23872, 0.52494,
10.60000,5189.67905,900.59182,9183.67286,145.50700,-27.74685,22.63659,551.25684, 0.96304, 0.01635,15.88462, 4.60636, 1.97319, 0.01107,-0.00079, 0.67647, 0.51039,273.97491,1501.34211,1926.32095,-2.16195,-1.23872, 0.52494,
10.70000,5235.17151,919.04609,9158.43836,147.04759,-28.23851,22.74541,552.72583, 0.95087, 0.01335,15.94825, 4.63879, 1.88767, 0.01039,-0.00073, 0.67792, 0.51170,275.65335,1502.80614,1926.32095,-2.16195,-1.23872, 0.52494,
10.80000,5280.54094,937.57763,9132.71942,148.59571,-28.73072,22.84974,554.21723, 0.93952, 0.01084,16.00848, 4.66953, 1.80295, 0.00971,-0.00071, 0.67958, 0.51303,277.36472,1504.29945,1926.32095,-2.16195,-1.23872, 0.52494,
10.90000,5325.78597,956.18059,9106.51370,150.15121,-29.22352,22.94930,555.73093, 0.92898, 0.00868,16.06560, 4.69863, 1.71940, 0.00903,-0.00071, 0.68147, 0.51438,279.10926,1505.82225,1926.32095,-2.16195,-1.23872, 0.52494,
11.00000,5370.90527,974.84901,9079.81897,151.71402,-29.71696,23.04380,557.26683, 0.91926, 0.00670,16.12016, 4.72612, 1.63722, 0.00835,-0.00072, 0.68357, 0.51575,280.88720,1507.37475,1926.32095,-2.16195,-1.23872, 0.52494,
11.10000,5415.89754,993.57688,9052.63306,153.28418,-30.21106,23.13292,558.82482, 0.91038, 0.00472,16.17296, 4.75207, 1.55646, 0.00767,-0.00072, 0.68592, 0.51714,282.69879,1508.95714,1926.32095,-2.16195,-1.23872, 0.52494,
11.20000,5460.76155,1012.35806,9024.95392,154.86179,-30.70586,23.21635,560.40478, 0.90236, 0.00260,16.22494, 4.77649, 1.47703, 0.00699,-0.00071, 0.68851, 0.51855,284.54426,1510.56961,1926.32095,-2.16195,-1.23872, 0.52494,
11.30000,5505.49610,1031.18631,8996.77956,156.44707,-31.20136,23.29378,562.00658, 0.89525, 0.00023,16.27710, 4.79942, 1.39870, 0.00631,-0.00067, 0.69136, 0.51998,286.42385,1512.21235,1926.32095,-2.16195,-1.23872, 0.52494,
11.40000,5550.10004,1050.05531,8968.10807,158.04033,-31.69755,23.36489,563.63009, 0.88906,-0.00247,16.33036, 4.82086, 1.32117, 0.00563,-0.00060, 0.69448, 0.52142,288.33778,1513.88556,1926.32095,-2.16195,-1.23872, 0.52494,
11.50000,5594.57226,1068.95861,8938.93764,159.64196,-32.19438,23.42943,565.27518, 0.88384,-0.00555,16.38552, 4.84078, 1.24411, 0.00495,-0.00050, 0.69789, 0.52289,290.28628,1515.58942,1926.32095,-2.16195,-1.23872, 0.52494,
11.60000,5638.91172,1087.88967,8909.26653,161.25241,-32.69177,23.48715,566.94169, 0.87960,-0.00898,16.44320, 4.85917, 1.16715, 0.00428,-0.00035, 0.70160, 0.52437,292.26958,1517.32410,1926.32095,-2.16195,-1.23872, 0.52494,
11.70000,5683.11742,1106.84181,8879.09308,162.87217,-33.18964,23.53785,568.62949, 0.87637,-0.01272,16.50378, 4.87599, 1.08996, 0.00361,-0.00018, 0.70561, 0.52587,294.28790,1519.08979,1926.32095,-2.16195,-1.23872, 0.52494,
11.80000,5727.18842,1125.80825,8848.41572,164.50174,-33.68788,23.58135,570.33841, 0.87414,-0.01667,16.56735, 4.89117, 1.01227, 0.00294, 0.00001, 0.70993, 0.52739,296.34145,1520.88667,1926.32095,-2.16195,-1.23872, 0.52494,
11.90000,5771.12384,1144.78209,8817.23295,166.14160,-34.18636,23.61748,572.06829, 0.87293,-0.02073,16.63377, 4.90466, 0.93394, 0.00228, 0.00022, 0.71457, 0.52893,298.43047,1522.71491,1926.32095,-2.16195,-1.23872, 0.52494,
12.00000,5814.92286,1163.75630,8785.54339,167.79222,-34.68495,23.64610,573.81897, 0.87272,-0.02475,16.70261, 4.91641, 0.85491, 0.00162, 0.00042, 0.71952, 0.53049,300.55515,1524.57467,1926.32095,-2.16195,-1.23872, 0.52494,
12.10000,5858.58473,1182.72375,8753.34571,169.45401,-35.18351,23.66706,575.59026, 0.87349,-0.02862,16.77329, 4.92638, 0.77526, 0.00097, 0.00062, 0.72480, 0.53206,302.71571,1526.46612,1926.32095,-2.16195,-1.23872, 0.52494,
12.20000,5902.10879,1201.67716,8720.63872,171.12732,-35.68191,23.68017,577.38200, 0.87521,-0.03222,16.84507, 4.93451, 0.69521, 0.00032, 0.00080, 0.73038, 0.53365,304.91236,1528.38943,1926.32095,-2.16195,-1.23872, 0.52494,
12.30000,5945.49442,1220.60916,8687.42132,172.81246,-36.18001,23.68525,579.19399, 0.87784,-0.03545,16.91718, 4.94080, 0.61504,-0.00033, 0.00095, 0.73628, 0.53526,307.14529,1530.34475,1926.32095,-2.16195,-1.23872, 0.52494,
12.40000,5988.74112,1239.51224,8653.69250,174.50967,-36.67765,23.68206,581.02603, 0.88136,-0.03825,16.98886, 4.94524, 0.53514,-0.00097, 0.00107, 0.74248, 0.53688,309.41471,1532.33223,1926.32095,-2.16195,-1.23872, 0.52494,
12.50000,6031.84847,1258.37876,8619.45141,176.21917,-37.17471,23.67030,582.87793, 0.88573,-0.04059,17.05946, 4.94784, 0.45591,-0.00161, 0.00115, 0.74899, 0.53853,311.72080,1534.35203,1926.32095,-2.16195,-1.23872, 0.52494,
12.60000,6074.81613,1277.20098,8584.69729,177.94114,-37.67103,23.64965,584.74948, 0.89091,-0.04247,17.12847, 4.94864, 0.37779,-0.00225, 0.00119, 0.75579, 0.54019,314.06374,1536.40428,1926.32095,-2.16195,-1.23872, 0.52494,
12.70000,6117.64387,1295.97104,8549.42953,179.67577,-38.16646,23.61969,586.64046, 0.89686,-0.04393,17.19557, 4.94767, 0.30115,-0.00289, 0.00121, 0.76288, 0.54186,316.44372,1538.48912,1926.32095,-2.16195,-1.23872, 0.52494,
12.80000,6160.33159,1314.68095,8513.64763,181.42326,-38.66083,23.58001,588.55065, 0.90358,-0.04505,17.26068, 4.94500, 0.22635,-0.00352, 0.00120, 0.77028, 0.54355,318.86091,1540.60669,1926.32095,-2.16195,-1.23872, 0.52494,
12.90000,6202.87928,1333.32258,8477.35126,183.18385,-39.15397,23.53011,590.47982, 0.91103,-0.04589,17.32391, 4.94070, 0.15363,-0.00415, 0.00117, 0.77796, 0.54526,321.31546,1542.75709,1926.32095,-2.16195,-1.23872, 0.52494,
13.00000,6245.28706,1351.88770,8440.54023,184.95781,-39.64567,23.46950,592.42772, 0.91920,-0.04657,17.38558, 4.93481, 0.08314,-0.00478, 0.00113, 0.78595, 0.54698,323.80753,1544.94046,1926.32095,-2.16195,-1.23872, 0.52494,
13.10000,6287.55519,1370.36797,8403.21449,186.74549,-40.13572,23.39765,594.39410, 0.92809,-0.04718,17.44613, 4.92742, 0.01494,-0.00541, 0.00108, 0.79424, 0.54872,326.33726,1547.15690,1926.32095,-2.16195,-1.23872, 0.52494,
13.20000,6329.68407,1388.75487,8365.37417,188.54728,-40.62390,23.31403,596.37871, 0.93769,-0.04778,17.50613, 4.91857,-0.05101,-0.00603, 0.00105, 0.80283, 0.55048,328.90480,1549.40650,1926.32095,-2.16195,-1.23872, 0.52494,
13.30000,6371.67423,1407.03982,8327.01955,190.36364,-41.10994,23.21814,598.38129, 0.94800,-0.04846,17.56615, 4.90830,-0.11483,-0.00665, 0.00103, 0.81175, 0.55225,331.51025,1551.68937,1926.32095,-2.16195,-1.23872, 0.52494,
13.40000,6413.52637,1425.21406,8288.15109,192.19508,-41.59358,23.10947,600.40155, 0.95901,-0.04926,17.62674, 4.89665,-0.17670,-0.00727, 0.00103, 0.82098, 0.55403,334.15374,1554.00559,1926.32095,-2.16195,-1.23872, 0.52494,
13.50000,6455.24135,1443.26873,8248.76943,194.04215,-42.07454,22.98756,602.43922, 0.97072,-0.05017,17.68835, 4.88364,-0.23681,-0.00789, 0.00104, 0.83054, 0.55583,336.83536,1556.35523,1926.32095,-2.16195,-1.23872, 0.52494,
13.60000,6496.82019,1461.19486,8208.87537,195.90541,-42.55251,22.85196,604.49399, 0.98313,-0.05120,17.75129, 4.86928,-0.29537,-0.00850, 0.00107, 0.84043, 0.55764,339.55521,1558.73835,1926.32095,-2.16195,-1.23872, 0.52494,
13.70000,6538.26409,1478.98333,8168.46995,197.78545,-43.02720,22.70226,606.56557, 0.99621,-0.05230,17.81571, 4.85359,-0.35255,-0.00911, 0.00111, 0.85065, 0.55947,342.31336,1561.15502,1926.32095,-2.16195,-1.23872, 0.52494,
13.80000,6579.57445,1496.62492,8127.55437,199.68283,-43.49827,22.53807,608.65365, 1.00996,-0.05342,17.88159, 4.83655,-0.40845,-0.00971, 0.00116, 0.86121, 0.56131,345.10987,1563.60528,1926.32095,-2.16195,-1.23872, 0.52494,
13.90000,6620.75285,1514.11032,8086.13006,201.59811,-43.96539,22.35903,610.75789, 1.02435,-0.05449,17.94874, 4.81818,-0.46312,-0.01031, 0.00121, 0.87209, 0.56316,347.94479,1566.08915,1926.32095,-2.16195,-1.23872, 0.52494,
14.00000,6661.80109,1531.43009,8044.19865,203.53180,-44.42822,22.16479,612.87797, 1.03934,-0.05544,18.01681, 4.79847,-0.51653,-0.01091, 0.00125, 0.88331, 0.56503,350.81814,1568.60667,1926.32095,-2.16195,-1.23872, 0.52494,
14.10000,6702.72115,1548.57471,8001.76203,205.48438,-44.88640,21.95500,615.01355, 1.05491,-0.05620,18.08539, 4.77746,-0.56857,-0.01150, 0.00128, 0.89484, 0.56691,353.72996,1571.15784,1926.32095,-2.16195,-1.23872, 0.52494,
14.20000,6743.51526,1565.53458,7958.82228,207.45626,-45.33954,21.72930,617.16427, 1.07101,-0.05673,18.15400, 4.75516,-0.61906,-0.01210, 0.00129, 0.90670, 0.56880,356.68022,1573.74265,1926.32095,-2.16195,-1.23872, 0.52494,
14.30000,6784.18587,1582.30003,7915.38176,209.44784,-45.78726,21.48735,619.32977, 1.08761,-0.05698,18.22217, 4.73162,-0.66777,-0.01268, 0.00127, 0.91886, 0.57070,359.66892,1576.36110,1926.32095,-2.16195,-1.23872, 0.52494,
14.40000,6824.73566,1598.86132,7871.44307,211.45947,-46.22912,21.22878,621.50967, 1.10467,-0.05695,18.28952, 4.70688,-0.71446,-0.01327, 0.00123, 0.93133, 0.57262,362.69602,1579.01314,1926.32095,-2.16195,-1.23872, 0.52494,
14.50000,6865.16755,1615.20868,7827.00908,213.49146,-46.66468,20.95322,623.70358, 1.12215,-0.05664,18.35573, 4.68102,-0.75888,-0.01386, 0.00117, 0.94409, 0.57454,365.76145,1581.69872,1926.32095,-2.16195,-1.23872, 0.52494,
14.60000,6905.48473,1631.33228,7782.08290,215.54409,-47.09348,20.66032,625.91112, 1.14001,-0.05608,18.42066, 4.65409,-0.80081,-0.01444, 0.00109, 0.95714, 0.57648,368.86514,1584.41780,1926.32095,-2.16195,-1.23872, 0.52494,
14.70000,6945.69065,1647.22229,7736.66797,217.61764,-47.51500,20.34972,628.13188, 1.15823,-0.05532,18.48427, 4.62619,-0.84007,-0.01503, 0.00098, 0.97048, 0.57843,372.00699,1587.17028,1926.32095,-2.16195,-1.23872, 0.52494,
14.80000,6985.78902,1662.86885,7690.76797,219.71236,-47.92874,20.02108,630.36543, 1.17677,-0.05440,18.54670, 4.59738,-0.87654,-0.01561, 0.00087, 0.98410, 0.58039,375.18687,1589.95608,1926.32095,-2.16195,-1.23872, 0.52494,
14.90000,7025.78383,1678.26213,7644.38690,221.82850,-48.33415,19.67412,632.61134, 1.19561,-0.05339,18.60818, 4.56775,-0.91017,-0.01620, 0.00075, 0.99801, 0.58235,378.40464,1592.77506,1926.32095,-2.16195,-1.23872, 0.52494,
15.00000,7065.67937,1693.39230,7597.52906,223.96628,-48.73068,19.30859,634.86918, 1.21474,-0.05233,18.66904, 4.53737,-0.94098,-0.01678, 0.00064, 1.01219, 0.58433,381.66013,1595.62712,1926.32095,-2.16195,-1.23872, 0.52494,
15.10000,7105.48022,1708.24957,7550.19904,226.12591,-49.11776,18.92430,637.13849, 1.23413,-0.05127,18.72962, 4.50631,-0.96904,-0.01737, 0.00052, 1.02665, 0.58632,384.95315,1598.51208,1926.32095,-2.16195,-1.23872, 0.52494,
15.20000,7145.19125,1722.82420,7502.40179,228.30758,-49.49484,18.52115,639.41880, 1.25376,-0.05024,18.79029, 4.47463,-0.99448,-0.01795, 0.00042, 1.04139, 0.58831,388.28347,1601.42979,1926.32095,-2.16195,-1.23872, 0.52494,
15.30000,7184.81765,1737.10652,7454.14252,230.51144,-49.86134,18.09912,641.70965, 1.27361,-0.04925,18.85133, 4.44238,-1.01742,-0.01853, 0.00032, 1.05640, 0.59031,391.65085,1604.38006,1926.32095,-2.16195,-1.23872, 0.52494,
15.40000,7224.36494,1751.08695,7405.42682,232.73757,-50.21669,17.65825,644.01054, 1.29368,-0.04830,18.91295, 4.40960,-1.03802,-0.01912, 0.00023, 1.07168, 0.59232,395.05501,1607.36266,1926.32095,-2.16195,-1.23872, 0.52494,
15.50000,7263.83892,1764.75602,7356.26059,234.98601,-50.56035,17.19872,646.32098, 1.31392,-0.04736,18.97524, 4.37634,-1.05640,-0.01970, 0.00015, 1.08723, 0.59434,398.49565,1610.37738,1926.32095,-2.16195,-1.23872, 0.52494,
15.60000,7303.24577,1778.10437,7306.65006,237.25669,-50.89176,16.72075,648.64046, 1.33432,-0.04641,19.03817, 4.34262,-1.07265,-0.02028, 0.00007, 1.10303, 0.59636,401.97245,1613.42395,1926.32095,-2.16195,-1.23872, 0.52494,
15.70000,7342.59195,1791.12281,7256.60181,239.54948,-51.21038,16.22469,650.96845, 1.35484,-0.04541,19.10162, 4.30850,-1.08682,-0.02087,-0.00001, 1.11909, 0.59839,405.48504,1616.50210,1926.32095,-2.16195,-1.23872, 0.52494,
15.80000,7381.88427,1803.80233,7206.12278,241.86411,-51.51567,15.71098,653.30443, 1.37547,-0.04432,19.16535, 4.27400,-1.09890,-0.02145,-0.00010, 1.13539, 0.60043,409.03302,1619.61154,1926.32095,-2.16195,-1.23872, 0.52494,
15.90000,7421.12989,1816.13410,7155.22021,244.20022,-51.80711,15.18013,655.64785, 1.39615,-0.04310,19.22909, 4.23919,-1.10884,-0.02204,-0.00021, 1.15193, 0.60247,412.61599,1622.75195,1926.32095,-2.16195,-1.23872, 0.52494,
16.00000,7460.33627,1828.10952,7103.90174,246.55732,-52.08416,14.63276,657.99817, 1.41687,-0.04175,19.29253, 4.20411,-1.11654,-0.02263,-0.00032, 1.16869, 0.60451,416.23350,1625.92298,1926.32095,-2.16195,-1.23872, 0.52494,
16.10000,7499.51123,1839.72026,7052.17531,248.93481,-52.34632,14.06960,660.35483, 1.43758,-0.04023,19.35542, 4.16882,-1.12191,-0.02322,-0.00046, 1.18566, 0.60656,419.88505,1629.12426,1926.32095,-2.16195,-1.23872, 0.52494,
16.20000,7538.66291,1850.95824,7000.04925,251.33198,-52.59306,13.49144,662.71725, 1.45825,-0.03856,19.41754, 4.13339,-1.12481,-0.02382,-0.00061, 1.20283, 0.60861,423.57016,1632.35541,1926.32095,-2.16195,-1.23872, 0.52494,
16.30000,7577.79979,1861.81572,6947.53220,253.74797,-52.82388,12.89920,665.08487, 1.47886,-0.03675,19.47875, 4.09790,-1.12515,-0.02442,-0.00077, 1.22020, 0.61067,427.28826,1635.61601,1926.32095,-2.16195,-1.23872, 0.52494,
16.40000,7616.93068,1872.28526,6894.63316,256.18186,-53.03830,12.29390,667.45709, 1.49937,-0.03483,19.53904, 4.06241,-1.12283,-0.02502,-0.00094, 1.23774, 0.61273,431.03879,1638.90564,1926.32095,-2.16195,-1.23872, 0.52494,
16.50000,7656.06470,1882.35981,6841.36148,258.63260,-53.23585,11.67665,669.83332, 1.51975,-0.03282,19.59847, 4.02702,-1.11784,-0.02563,-0.00113, 1.25546, 0.61479,434.82115,1642.22381,1926.32095,-2.16195,-1.23872, 0.52494,
16.60000,7695.21130,1892.03268,6787.72683,261.09905,-53.41609,11.04869,672.21297, 1.54000,-0.03075,19.65718, 3.99178,-1.11017,-0.02624,-0.00132, 1.27334, 0.61685,438.63469,1645.57007,1926.32095,-2.16195,-1.23872, 0.52494,
16.70000,7734.38027,1901.29763,6733.73921,263.57999,-53.57861,10.41136,674.59543, 1.56007,-0.02867,19.71538, 3.95678,-1.09986,-0.02685,-0.00150, 1.29137, 0.61891,442.47876,1648.94388,1926.32095,-2.16195,-1.23872, 0.52494,
16.80000,7773.58167,1910.14883,6679.40896,266.07415,-53.72306, 9.76610,676.98008, 1.57996,-0.02659,19.77329, 3.92208,-1.08702,-0.02747,-0.00169, 1.30955, 0.62098,446.35265,1652.34474,1926.32095,-2.16195,-1.23872, 0.52494,
16.90000,7812.82588,1918.58095,6624.74673,268.58016,-53.84911, 9.11443,679.36630, 1.59965,-0.02453,19.83112, 3.88773,-1.07174,-0.02810,-0.00187, 1.32788, 0.62304,450.25564,1655.77207,1926.32095,-2.16195,-1.23872, 0.52494,
17.00000,7852.12359,1926.58914,6569.76349,271.09659,-53.95653, 8.45799,681.75348, 1.61911,-0.02249,19.88903, 3.85379,-1.05417,-0.02873,-0.00205, 1.34633, 0.62510,454.18697,1659.22530,1926.32095,-2.16195,-1.23872, 0.52494,
17.10000,7891.48575,1934.16910,6514.47049,273.62198,-54.04510, 7.79846,684.14099, 1.63834,-0.02048,19.94712, 3.82031,-1.03442,-0.02936,-0.00222, 1.36490, 0.62716,458.14583,1662.70383,1926.32095,-2.16195,-1.23872, 0.52494,
17.20000,7930.92358,1941.31707,6458.87930,276.15480,-54.11470, 7.13761,686.52819, 1.65730,-0.01847,20.00542, 3.78733,-1.01260,-0.03000,-0.00240, 1.38358, 0.62922,462.13143,1666.20705,1926.32095,-2.16195,-1.23872, 0.52494,
17.30000,7970.44857,1948.02987,6403.00173,278.69347,-54.16523, 6.47724,688.91446, 1.67599,-0.01645,20.06387, 3.75490,-0.98880,-0.03065,-0.00257, 1.40236, 0.63128,466.14290,1669.73430,1926.32095,-2.16195,-1.23872, 0.52494,
17.40000,8010.07245,1954.30495,6346.84989,281.23640,-54.19668, 5.81917,691.29915, 1.69437,-0.01440,20.12236, 3.72305,-0.96305,-0.03131,-0.00275, 1.42122, 0.63333,470.17937,1673.28492,1926.32095,-2.16195,-1.23872, 0.52494,
17.50000,8049.80717,1960.14038,6290.43611,283.78194,-54.20907, 5.16527,693.68163, 1.71243,-0.01231,20.18071, 3.69183,-0.93539,-0.03197,-0.00293, 1.44016, 0.63539,474.23993,1676.85822,1926.32095,-2.16195,-1.23872, 0.52494,
17.60000,8089.66488,1965.53491,6233.77297,286.32843,-54.20251, 4.51740,696.06128, 1.73014,-0.01015,20.23875, 3.66130,-0.90581,-0.03263,-0.00313, 1.45916, 0.63743,478.32366,1680.45350,1926.32095,-2.16195,-1.23872, 0.52494,
17.70000,8129.65793,1970.48797,6176.87326,288.87420,-54.17711, 3.87741,698.43744, 1.74748,-0.00793,20.29630, 3.63150,-0.87429,-0.03331,-0.00333, 1.47820, 0.63947,482.42961,1684.07004,1926.32095,-2.16195,-1.23872, 0.52494,
17.80000,8169.79883,1974.99970,6119.74998,291.41759,-54.13308, 3.24714,700.80950, 1.76444,-0.00564,20.35326, 3.60249,-0.84080,-0.03400,-0.00354, 1.49728, 0.64151,486.55679,1687.70709,1926.32095,-2.16195,-1.23872, 0.52494,
17.90000,8210.10024,1979.07100,6062.41627,293.95697,-54.07065, 2.62840,703.17683, 1.78098,-0.00329,20.40953, 3.57432,-0.80532,-0.03469,-0.00376, 1.51637, 0.64354,490.70421,1691.36390,1926.32095,-2.16195,-1.23872, 0.52494,
18.00000,8250.57493,1982.70351,6004.88547,296.49072,-53.99010, 2.02296,705.53880, 1.79709,-0.00090,20.46511, 3.54705,-0.76786,-0.03539,-0.00399, 1.53547, 0.64557,494.87084,1695.03969,1926.32095,-2.16195,-1.23872, 0.52494,
18.10000,8291.23578,1985.89966,5947.17103,299.01732,-53.89178, 1.43251,707.89479, 1.81276, 0.00151,20.52004, 3.52073,-0.72843,-0.03610,-0.00422, 1.55456, 0.64759,499.05566,1698.73367,1926.32095,-2.16195,-1.23872, 0.52494,
18.20000,8332.09573,1988.66269,5889.28652,301.53529,-53.77607, 0.85870,710.24419, 1.82797, 0.00392,20.57437, 3.49542,-0.68704,-0.03682,-0.00445, 1.57363, 0.64960,503.25760,1702.44506,1926.32095,-2.16195,-1.23872, 0.52494,
18.30000,8373.16778,1990.99664,5831.24559,304.04326,-53.64341, 0.30311,712.58639, 1.84272, 0.00631,20.62829, 3.47117,-0.64378,-0.03755,-0.00468, 1.59267, 0.65160,507.47560,1706.17302,1926.32095,-2.16195,-1.23872, 0.52494,
18.40000,8414.46494,1992.90639,5773.06197,306.53996,-53.49429,-0.23280,714.92081, 1.85698, 0.00866,20.68196, 3.44803,-0.59879,-0.03829,-0.00490, 1.61167, 0.65360,511.70857,1709.91675,1926.32095,-2.16195,-1.23872, 0.52494,
18.50000,8456.00020,1994.39769,5714.74943,309.02424,-53.32924,-0.74765,717.24684, 1.87076, 0.01097,20.73555, 3.42602,-0.55219,-0.03904,-0.00513, 1.63062, 0.65558,515.95541,1713.67541,1926.32095,-2.16195,-1.23872, 0.52494,
18.60000,8497.78653,1995.47713,5656.32174,311.49507,-53.14885,-1.24017,719.56391, 1.88404, 0.01323,20.78916, 3.40519,-0.50412,-0.03980,-0.00534, 1.64950, 0.65756,520.21502,1717.44816,1926.32095,-2.16195,-1.23872, 0.52494,
18.70000,8539.83682,1996.15220,5597.79266,313.95152,-52.95375,-1.70922,721.87145, 1.89680, 0.01545,20.84283, 3.38556,-0.45473,-0.04057,-0.00555, 1.66831, 0.65953,524.48629,1721.23416,1926.32095,-2.16195,-1.23872, 0.52494,
18.80000,8582.16386,1996.43123,5539.17591,316.39282,-52.74460,-2.15375,724.16891, 1.90905, 0.01765,20.89651, 3.36716,-0.40410,-0.04135,-0.00576, 1.68703, 0.66149,528.76811,1725.03257,1926.32095,-2.16195,-1.23872, 0.52494,
18.90000,8624.78030,1996.32348,5480.48516,318.81825,-52.52211,-2.57285,726.45574, 1.92077, 0.01984,20.95012, 3.35002,-0.35232,-0.04214,-0.00598, 1.70564, 0.66343,533.05934,1728.84254,1926.32095,-2.16195,-1.23872, 0.52494,
19.00000,8667.69864,1995.83909,5421.73395,321.22722,-52.28698,-2.96571,728.73143, 1.93195, 0.02203,21.00353, 3.33416,-0.29944,-0.04294,-0.00619, 1.72414, 0.66537,537.35888,1732.66321,1926.32095,-2.16195,-1.23872, 0.52494,
19.10000,8710.93115,1994.98909,5362.93571,323.61923,-52.03998,-3.33163,730.99545, 1.94257, 0.02423,21.05660, 3.31961,-0.24549,-0.04376,-0.00641, 1.74250, 0.66729,541.66560,1736.49375,1926.32095,-2.16195,-1.23872, 0.52494,
19.20000,8754.48987,1993.78540,5304.10370,325.99385,-51.78184,-3.67001,733.24732, 1.95263, 0.02645,21.10920, 3.30640,-0.19049,-0.04459,-0.00664, 1.76073, 0.66920,545.97841,1740.33332,1926.32095,-2.16195,-1.23872, 0.52494,
19.30000,8798.38658,1992.24085,5245.25098,328.35076,-51.51336,-3.98035,735.48655, 1.96212, 0.02868,21.16124, 3.29456,-0.13446,-0.04542,-0.00687, 1.77879, 0.67110,550.29619,1744.18107,1926.32095,-2.16195,-1.23872, 0.52494,
19.40000,8842.63275,1990.36915,5186.39043,330.68969,-51.23530,-4.26223,737.71269, 1.97103, 0.03092,21.21269, 3.28412,-0.07741,-0.04628,-0.00710, 1.79668, 0.67299,554.61786,1748.03619,1926.32095,-2.16195,-1.23872, 0.52494,
19.50000,8887.23947,1988.18488,5127.53462,333.01049,-50.94846,-4.51536,739.92530, 1.97935, 0.03315,21.26356, 3.27512,-0.01939,-0.04714,-0.00734, 1.81440, 0.67486,558.94234,1751.89785,1926.32095,-2.16195,-1.23872, 0.52494,
19.60000,8932.21750,1985.70349,5068.69587,335.31307,-50.65364,-4.73950,742.12397, 1.98707, 0.03536,21.31392, 3.26757, 0.03954,-0.04802,-0.00757, 1.83191, 0.67672,563.26857,1755.76526,1926.32095,-2.16195,-1.23872, 0.52494,
19.70000,8977.57714,1982.94129,5009.88619,337.59745,-50.35164,-4.93450,744.30829, 1.99421, 0.03753,21.36387, 3.26151, 0.09930,-0.04891,-0.00781, 1.84923, 0.67857,567.59552,1759.63763,1926.32095,-2.16195,-1.23872, 0.52494,
19.80000,9023.32827,1979.91543,4951.11723,339.86373,-50.04327,-5.10033,746.47790, 2.00074, 0.03965,21.41352, 3.25696, 0.15977,-0.04982,-0.00804, 1.86633, 0.68040,571.92217,1763.51419,1926.32095,-2.16195,-1.23872, 0.52494,
19.90000,9069.48026,1976.64388,4892.40027,342.11208,-49.72934,-5.23699,748.63244, 2.00667, 0.04172,21.46297, 3.25393, 0.22083,-0.05073,-0.00826, 1.88321, 0.68222,576.24753,1767.39418,1926.32095,-2.16195,-1.23872, 0.52494,
20.00000,9116.04199,1973.14541,4833.74618,344.34275,-49.41065,-5.34459,750.77158, 2.01201, 0.04373,21.51229, 3.25243, 0.28237,-0.05167,-0.00848, 1.89985, 0.68402,580.57064,1771.27688,1926.32095,-2.16195,-1.23872, 0.52494,
20.10000,9163.02174,1969.43956,4775.16540,346.55608,-49.08802,-5.42330,752.89503, 2.01674, 0.04569,21.56153, 3.25247, 0.34427,-0.05261,-0.00870, 1.91625, 0.68581,584.89056,1775.16159,1926.32095,-2.16195,-1.23872, 0.52494,
20.20000,9210.42724,1965.54662,4716.66791,348.75243,-48.76224,-5.47335,755.00251, 2.02087, 0.04760,21.61069, 3.25406, 0.40643,-0.05357,-0.00891, 1.93240, 0.68758,589.20640,1779.04761,1926.32095,-2.16195,-1.23872, 0.52494,
20.30000,9258.26558,1961.48762,4658.26319,350.93223,-48.43411,-5.49503,757.09377, 2.02440, 0.04947,21.65971, 3.25721, 0.46875,-0.05455,-0.00912, 1.94828, 0.68934,593.51730,1782.93430,1926.32095,-2.16195,-1.23872, 0.52494,
20.40000,9306.54320,1957.28424,4599.96021,353.09591,-48.10442,-5.48868,759.16858, 2.02733, 0.05130,21.70854, 3.26191, 0.53116,-0.05553,-0.00933, 1.96389, 0.69109,597.82244,1786.82104,1926.32095,-2.16195,-1.23872, 0.52494,
20.50000,9355.26585,1952.95885,4541.76738,355.24396,-47.77395,-5.45467,761.22674, 2.02965, 0.05310,21.75712, 3.26817, 0.59360,-0.05654,-0.00954, 1.97922, 0.69281,602.12105,1790.70725,1926.32095,-2.16195,-1.23872, 0.52494,
20.60000,9404.43856,1948.53442,4483.69255,357.37685,-47.44345,-5.39342,763.26810, 2.03137, 0.05487,21.80539, 3.27600, 0.65603,-0.05756,-0.00975, 1.99427, 0.69452,606.41239,1794.59235,1926.32095,-2.16195,-1.23872, 0.52494,
20.70000,9454.06563,1944.03448,4425.74296,359.49511,-47.11368,-5.30536,765.29251, 2.03249, 0.05661,21.85330, 3.28539, 0.71839,-0.05859,-0.00996, 2.00901, 0.69622,610.69577,1798.47584,1926.32095,-2.16195,-1.23872, 0.52494,
20.80000,9504.15057,1939.48312,4367.92525,361.59924,-46.78537,-5.19097,767.29986, 2.03300, 0.05831,21.90085, 3.29635, 0.78062,-0.05964,-0.01016, 2.02345, 0.69790,614.97058,1802.35724,1926.32095,-2.16195,-1.23872, 0.52494,
20.90000,9554.69611,1934.90491,4310.24539,363.68977,-46.45926,-5.05074,769.29007, 2.03292, 0.05996,21.94808, 3.30888, 0.84267,-0.06070,-0.01037, 2.03757, 0.69956,619.23622,1806.23610,1926.32095,-2.16195,-1.23872, 0.52494,
21.00000,9605.70414,1930.32486,4252.70871,365.76725,-46.13605,-4.88518,771.26308, 2.03224, 0.06156,21.99503, 3.32298, 0.90445,-0.06178,-0.01056, 2.05138, 0.70121,623.49218,1810.11203,1926.32095,-2.16195,-1.23872, 0.52494,
21.10000,9657.17570,1925.76839,4195.31983,367.83222,-45.81644,-4.69482,773.21889, 2.03097, 0.06310,22.04176, 3.33864, 0.96588,-0.06288,-0.01076, 2.06486, 0.70284,627.73799,1813.98467,1926.32095,-2.16195,-1.23872, 0.52494,
21.20000,9709.11100,1921.26125,4138.08269,369.88526,-45.50110,-4.48023,775.15748, 2.02912, 0.06458,22.08835, 3.35586, 1.02685,-0.06399,-0.01095, 2.07802, 0.70446,631.97324,1817.85372,1926.32095,-2.16195,-1.23872, 0.52494,
21.30000,9761.50931,1916.82950,4081.00051,371.92693,-45.19070,-4.24196,777.07891, 2.02669, 0.06598,22.13486, 3.37462, 1.08727,-0.06511,-0.01113, 2.09084, 0.70606,636.19759,1821.71891,1926.32095,-2.16195,-1.23872, 0.52494,
21.40000,9814.36905,1912.49942,4024.07577,373.95783,-44.88590,-3.98061,778.98324, 2.02369, 0.06732,22.18133, 3.39493, 1.14704,-0.06626,-0.01130, 2.10334, 0.70764,640.41076,1825.58003,1926.32095,-2.16195,-1.23872, 0.52494,
21.50000,9867.68769,1908.29751,3967.31020,375.97852,-44.58731,-3.69678,780.87057, 2.02013, 0.06858,22.22778, 3.41675, 1.20605,-0.06741,-0.01147, 2.11549, 0.70921,644.61253,1829.43691,1926.32095,-2.16195,-1.23872, 0.52494,
21.60000,9921.46179,1904.25037,3910.70479,377.98958,-44.29555,-3.39108,782.74102, 2.01601, 0.06978,22.27421, 3.44007, 1.26423,-0.06859,-0.01163, 2.12730, 0.71077,648.80275,1833.28944,1926.32095,-2.16195,-1.23872, 0.52494,
21.70000,9975.68697,1900.38468,3854.25974,379.99157,-44.01121,-3.06412,784.59476, 2.01135, 0.07092,22.32061, 3.46487, 1.32149,-0.06978,-0.01179, 2.13877, 0.71230,652.98134,1837.13757,1926.32095,-2.16195,-1.23872, 0.52494,
21.80000,10030.35789,1896.72715,3797.97451,381.98506,-43.73488,-2.71653,786.43197, 2.00614, 0.07200,22.36696, 3.49114, 1.37777,-0.07099,-0.01194, 2.14990, 0.71383,657.14829,1840.98127,1926.32095,-2.16195,-1.23872, 0.52494,
21.90000,10085.46826,1893.30444,3741.84775,383.97057,-43.46710,-2.34893,788.25286, 2.00041, 0.07301,22.41323, 3.51885, 1.43300,-0.07221,-0.01209, 2.16068, 0.71534,661.30365,1844.82060,1926.32095,-2.16195,-1.23872, 0.52494,
22.00000,10141.01085,1890.14309,3685.87733,385.94863,-43.20842,-1.96195,790.05769, 1.99414, 0.07397,22.45941, 3.54798, 1.48713,-0.07345,-0.01223, 2.17112, 0.71683,665.44756,1848.65566,1926.32095,-2.16195,-1.23872, 0.52494,
22.10000,10196.97745,1887.26948,3630.06035,387.91974,-42.95935,-1.55621,791.84672, 1.98737, 0.07486,22.50552, 3.57851, 1.54010,-0.07470,-0.01237, 2.18121, 0.71831,669.58021,1852.48659,1926.32095,-2.16195,-1.23872, 0.52494,
22.20000,10253.35892,1884.70979,3574.39313,389.88440,-42.72041,-1.13235,793.62026, 1.98010, 0.07568,22.55157, 3.61041, 1.59184,-0.07598,-0.01250, 2.19096, 0.71977,673.70188,1856.31361,1926.32095,-2.16195,-1.23872, 0.52494,
22.30000,10310.14514,1882.48987,3518.87117,391.84308,-42.49207,-0.69099,795.37863, 1.97233, 0.07644,22.59760, 3.64366, 1.64229,-0.07726,-0.01262, 2.20037, 0.72122,677.81292,1860.13699,1926.32095,-2.16195,-1.23872, 0.52494,
22.40000,10367.32508,1880.63525,3463.48924,393.79626,-42.27480,-0.23274,797.12220, 1.96408, 0.07711,22.64366, 3.67822, 1.69138,-0.07857,-0.01273, 2.20944, 0.72266,681.91373,1863.95704,1926.32095,-2.16195,-1.23872, 0.52494,
22.50000,10424.88674,1879.17106,3408.24131,395.74439,-42.06904, 0.24175,798.85134, 1.95537, 0.07771,22.68979, 3.71408, 1.73902,-0.07989,-0.01284, 2.21818, 0.72408,686.00482,1867.77414,1926.32095,-2.16195,-1.23872, 0.52494,
22.60000,10482.81723,1878.12194,3353.12057,397.68791,-41.87522, 0.73186,800.56645, 1.94621, 0.07823,22.73604, 3.75119, 1.78514,-0.08123,-0.01294, 2.22659, 0.72549,690.08674,1871.58872,1926.32095,-2.16195,-1.23872, 0.52494,
22.70000,10541.10271,1877.51202,3298.11950,399.62727,-41.69374, 1.23698,802.26797, 1.93660, 0.07867,22.78244, 3.78952, 1.82967,-0.08258,-0.01303, 2.23468, 0.72689,694.16013,1875.40127,1926.32095,-2.16195,-1.23872, 0.52494,
22.80000,10599.72849,1877.36483,3243.22981,401.56289,-41.52499, 1.75646,803.95636, 1.92658, 0.07903,22.82902, 3.82903, 1.87254,-0.08396,-0.01311, 2.24244, 0.72828,698.22569,1879.21234,1926.32095,-2.16195,-1.23872, 0.52494,
22.90000,10658.67897,1877.70327,3188.44247,403.49518,-41.36933, 2.28969,805.63208, 1.91614, 0.07931,22.87578, 3.86969, 1.91367,-0.08534,-0.01318, 2.24990, 0.72965,702.28421,1883.02252,1926.32095,-2.16195,-1.23872, 0.52494,
23.00000,10717.93773,1878.54955,3133.74776,405.42453,-41.22710, 2.83604,807.29564, 1.90531, 0.07951,22.92272, 3.91146, 1.95302,-0.08675,-0.01324, 2.25705, 0.73101,706.33651,1886.83246,1926.32095,-2.16195,-1.23872, 0.52494,
23.10000,10777.48749,1879.92510,3079.13526,407.35133,-41.09862, 3.39490,808.94756, 1.89410, 0.07964,22.96985, 3.95429, 1.99052,-0.08817,-0.01330, 2.26390, 0.73237,710.38352,1890.64287,1926.32095,-2.16195,-1.23872, 0.52494,
23.20000,10837.31018,1881.85055,3024.59386,409.27593,-40.98420, 3.96566,810.58837, 1.88252, 0.07970,23.01717, 3.99814, 2.02614,-0.08960,-0.01334, 2.27047, 0.73371,714.42621,1894.45449,1926.32095,-2.16195,-1.23872, 0.52494,
23.30000,10897.38696,1884.34568,2970.11180,411.19869,-40.88413, 4.54769,812.21863, 1.87060, 0.07968,23.06469, 4.04296, 2.05983,-0.09106,-0.01338, 2.27675, 0.73504,718.46564,1898.26815,1926.32095,-2.16195,-1.23872, 0.52494,
23.40000,10957.69823,1887.42936,2915.67670,413.11994,-40.79866, 5.14041,813.83891, 1.85835, 0.07959,23.11242, 4.08873, 2.09155,-0.09253,-0.01341, 2.28276, 0.73636,722.50290,1902.08470,1926.32095,-2.16195,-1.23872, 0.52494,
23.50000,11018.22369,1891.11948,2861.27554,415.04000,-40.72805, 5.74319,815.44980, 1.84578, 0.07942,23.16037, 4.13537, 2.12125,-0.09401,-0.01344, 2.28851, 0.73768,726.53916,1905.90504,1926.32095,-2.16195,-1.23872, 0.52494,
23.60000,11078.94235,1895.43295,2806.89475,416.95921,-40.67251, 6.35545,817.05191, 1.83292, 0.07917,23.20859, 4.18286, 2.14890,-0.09551,-0.01345, 2.29402, 0.73898,730.57566,1909.73012,1926.32095,-2.16195,-1.23872, 0.52494,
23.70000,11139.83258,1900.38562,2752.52017,418.87785,-40.63226, 6.97658,818.64585, 1.81979, 0.07884,23.25711, 4.23114, 2.17444,-0.09703,-0.01345, 2.29928, 0.74028,734.61368,1913.56094,1926.32095,-2.16195,-1.23872, 0.52494,
23.80000,11200.87214,1905.99223,2698.13713,420.79623,-40.60748, 7.60601,820.23226, 1.80639, 0.07843,23.30594, 4.28016, 2.19784,-0.09856,-0.01345, 2.30432, 0.74157,738.65457,1917.39855,1926.32095,-2.16195,-1.23872, 0.52494,
23.90000,11262.03822,1912.26641,2643.73044,422.71464,-40.59833, 8.24313,821.81176, 1.79276, 0.07795,23.35513, 4.32986, 2.21905,-0.10011,-0.01343, 2.30915, 0.74285,742.69972,1921.24403,1926.32095,-2.16195,-1.23872, 0.52494,
24.00000,11323.30750,1919.22062,2589.28445,424.63338,-40.60497, 8.88737,823.38503, 1.77891, 0.07738,23.40468, 4.38020, 2.23804,-0.10167,-0.01341, 2.31377, 0.74413,746.75057,1925.09850,1926.32095,-2.16195,-1.23872, 0.52494,
24.10000,11384.65615,1926.86611,2534.78307,426.55270,-40.62752, 9.53814,824.95270, 1.76487, 0.07674,23.45462, 4.43112, 2.25478,-0.10325,-0.01337, 2.31822, 0.74540,750.80861,1928.96313,1926.32095,-2.16195,-1.23872, 0.52494,
24.20000,11446.05992,1935.21289,2480.20979,428.47290,-40.66609,10.19487,826.51545, 1.75064, 0.07603,23.50495, 4.48257, 2.26924,-0.10484,-0.01333, 2.32249, 0.74667,754.87540,1932.83912,1926.32095,-2.16195,-1.23872, 0.52494,
24.30000,11507.49412,1944.26970,2425.54772,430.39424,-40.72077,10.85698,828.07394, 1.73626, 0.07524,23.55567, 4.53448, 2.28140,-0.10645,-0.01328, 2.32660, 0.74793,758.95251,1936.72770,1926.32095,-2.16195,-1.23872, 0.52494,
24.40000,11568.93377,1954.04401,2370.77965,432.31697,-40.79163,11.52391,829.62885, 1.72175, 0.07438,23.60680, 4.58680, 2.29125,-0.10807,-0.01322, 2.33058, 0.74919,763.04155,1940.63014,1926.32095,-2.16195,-1.23872, 0.52494,
24.50000,11630.35353,1964.54195,2315.88804,434.24136,-40.87873,12.19509,831.18086, 1.70712, 0.07346,23.65833, 4.63947, 2.29877,-0.10971,-0.01315, 2.33443, 0.75044,767.14420,1944.54773,1926.32095,-2.16195,-1.23872, 0.52494,
24.60000,11691.72782,1975.76831,2260.85508,436.16766,-40.98211,12.86995,832.73065, 1.69239, 0.07246,23.71027, 4.69243, 2.30396,-0.11136,-0.01307, 2.33817, 0.75169,771.26214,1948.48180,1926.32095,-2.16195,-1.23872, 0.52494,
24.70000,11753.03085,1987.72654,2205.66272,438.09614,-41.10179,13.54795,834.27889, 1.67759, 0.07140,23.76263, 4.74563, 2.30682,-0.11302,-0.01298, 2.34181, 0.75294,775.39709,1952.43370,1926.32095,-2.16195,-1.23872, 0.52494,
24.80000,11814.23666,2000.41870,2150.29269,440.02703,-41.23778,14.22853,835.82626, 1.66275, 0.07028,23.81544, 4.79900, 2.30734,-0.11470,-0.01288, 2.34539, 0.75419,779.55081,1956.40481,1926.32095,-2.16195,-1.23872, 0.52494,
24.90000,11875.31919,2013.84546,2094.72659,441.96061,-41.39006,14.91112,837.37343, 1.64787, 0.06908,23.86870, 4.85248, 2.30552,-0.11639,-0.01278, 2.34890, 0.75543,783.72507,1960.39652,1926.32095,-2.16195,-1.23872, 0.52494,
25.00000,11936.25229,2028.00611,2038.94585,443.89712,-41.55861,15.59519,838.92107, 1.63299, 0.06783,23.92242, 4.90601, 2.30137,-0.11810,-0.01267, 2.35238, 0.75668,787.92168,1964.41024,1926.32095,-2.16195,-1.23872, 0.52494,
25.10000,11997.00981,2042.89851,1982.93181,445.83684,-41.74339,16.28018,840.46985, 1.61812, 0.06651,23.97663, 4.95953, 2.29489,-0.11981,-0.01255, 2.35583, 0.75792,792.14244,1968.44741,1926.32095,-2.16195,-1.23872, 0.52494,
25.20000,12057.56562,2058.51912,1926.66575,447.78004,-41.94435,16.96555,842.02043, 1.60330, 0.06514,24.03132, 5.01298, 2.28609,-0.12154,-0.01242, 2.35928, 0.75917,796.38920,1972.50947,1926.32095,-2.16195,-1.23872, 0.52494,
25.30000,12117.89370,2074.86298,1870.12893,449.72698,-42.16141,17.65075,843.57345, 1.58853, 0.06371,24.08650, 5.06629, 2.27499,-0.12328,-0.01228, 2.36275, 0.76042,800.66379,1976.59787,1926.32095,-2.16195,-1.23872, 0.52494,
25.40000,12177.96812,2091.92373,1813.30261,451.67796,-42.39448,18.33522,845.12955, 1.57384, 0.06222,24.14217, 5.11940, 2.26161,-0.12503,-0.01214, 2.36625, 0.76167,804.96807,1980.71408,1926.32095,-2.16195,-1.23872, 0.52494,
25.50000,12237.76317,2109.69359,1756.16810,453.63326,-42.64348,19.01843,846.68936, 1.55926, 0.06069,24.19834, 5.17225, 2.24598,-0.12679,-0.01199, 2.36980, 0.76292,809.30390,1984.85958,1926.32095,-2.16195,-1.23872, 0.52494,
25.60000,12297.25334,2128.16335,1698.70679,455.59318,-42.90829,19.69981,848.25351, 1.54481, 0.05910,24.25499, 5.22478, 2.22813,-0.12857,-0.01183, 2.37343, 0.76417,813.67314,1989.03583,1926.32095,-2.16195,-1.23872, 0.52494,
25.70000,12356.41343,2147.32244,1640.90017,457.55805,-43.18879,20.37882,849.82259, 1.53051, 0.05748,24.31212, 5.27692, 2.20809,-0.13035,-0.01167, 2.37715, 0.76543,818.07766,1993.24431,1926.32095,-2.16195,-1.23872, 0.52494,
25.80000,12415.21854,2167.15886,1582.72990,459.52817,-43.48484,21.05489,851.39719, 1.51637, 0.05581,24.36973, 5.32862, 2.18591,-0.13215,-0.01150, 2.38098, 0.76669,822.51932,1997.48651,1926.32095,-2.16195,-1.23872, 0.52494,
25.90000,12473.64417,2187.65926,1524.17780,461.50389,-43.79630,21.72746,852.97790, 1.50242, 0.05410,24.42782, 5.37981, 2.16163,-0.13395,-0.01132, 2.38494, 0.76795,826.99996,2001.76390,1926.32095,-2.16195,-1.23872, 0.52494,
26.00000,12531.66622,2208.80890,1465.22593,463.48557,-44.12301,22.39596,854.56526, 1.48869, 0.05236,24.48639, 5.43043, 2.13530,-0.13576,-0.01114, 2.38905, 0.76922,831.52145,2006.07793,1926.32095,-2.16195,-1.23872, 0.52494,
26.10000,12589.26107,2230.59172,1405.85658,465.47359,-44.46480,23.05979,856.15982, 1.47518, 0.05058,24.54543, 5.48043, 2.10696,-0.13759,-0.01095, 2.39334, 0.77049,836.08560,2010.43009,1926.32095,-2.16195,-1.23872, 0.52494,
26.20000,12646.40564,2252.99031,1346.05233,467.46834,-44.82150,23.71838,857.76211, 1.46193, 0.04877,24.60494, 5.52974, 2.07668,-0.13942,-0.01076, 2.39781, 0.77177,840.69423,2014.82181,1926.32095,-2.16195,-1.23872, 0.52494,
26.30000,12703.07738,2275.98596,1285.79607,469.47023,-45.19290,24.37111,859.37262, 1.44895, 0.04693,24.66493, 5.57831, 2.04452,-0.14126,-0.01057, 2.40249, 0.77305,845.34914,2019.25454,1926.32095,-2.16195,-1.23872, 0.52494,
26.40000,12759.25438,2299.55866,1225.07104,471.47972,-45.57882,25.01736,860.99184, 1.43626, 0.04508,24.72537, 5.62609, 2.01053,-0.14310,-0.01037, 2.40740, 0.77434,850.05211,2023.72969,1926.32095,-2.16195,-1.23872, 0.52494,
26.50000,12814.91536,2323.68715,1163.86084,473.49727,-45.97903,25.65650,862.62024, 1.42388, 0.04320,24.78626, 5.67301, 1.97478,-0.14495,-0.01016, 2.41255, 0.77564,854.80489,2028.24868,1926.32095,-2.16195,-1.23872, 0.52494,
26.60000,12870.03975,2348.34893,1102.14949,475.52339,-46.39332,26.28786,864.25824, 1.41183, 0.04130,24.84760, 5.71902, 1.93734,-0.14681,-0.00996, 2.41798, 0.77694,859.60920,2032.81289,1926.32095,-2.16195,-1.23872, 0.52494,
26.70000,12924.60772,2373.52028,1039.92144,477.55861,-46.82145,26.91076,865.90628, 1.40012, 0.03939,24.90936, 5.76408, 1.89830,-0.14868,-0.00975, 2.42369, 0.77825,864.46674,2037.42370,1926.32095,-2.16195,-1.23872, 0.52494,
26.80000,12978.60024,2399.17631,977.16161,479.60350,-47.26317,27.52449,867.56473, 1.38877, 0.03748,24.97154, 5.80813, 1.85773,-0.15055,-0.00954, 2.42970, 0.77957,869.37916,2042.08243,1926.32095,-2.16195,-1.23872, 0.52494,
26.90000,13031.99908,2425.29099,913.85541,481.65866,-47.71824,28.12833,869.23398, 1.37780, 0.03556,25.03411, 5.85112, 1.81571,-0.15243,-0.00933, 2.43603, 0.78089,874.34810,2046.79041,1926.32095,-2.16195,-1.23872, 0.52494,
27.00000,13084.78690,2451.83717,849.98875,483.72476,-48.18639,28.72149,870.91436, 1.36722, 0.03363,25.09707, 5.89302, 1.77234,-0.15431,-0.00911, 2.44270, 0.78223,879.37514,2051.54892,1926.32095,-2.16195,-1.23872, 0.52494,
27.10000,13136.94727,2478.78661,785.54812,485.80248,-48.66733,29.30316,872.60619, 1.35705, 0.03171,25.16039, 5.93376, 1.72770,-0.15620,-0.00890, 2.44973, 0.78357,884.46181,2056.35923,1926.32095,-2.16195,-1.23872, 0.52494,
27.20000,13188.46469,2506.11003,720.52055,487.89259,-49.16078,29.87251,874.30977, 1.34730, 0.02979,25.22407, 5.97332, 1.68188,-0.15809,-0.00869, 2.45714, 0.78492,889.60962,2061.22255,1926.32095,-2.16195,-1.23872, 0.52494,
27.30000,13239.32468,2533.77715,654.89371,489.99587,-49.66642,30.42863,876.02534, 1.33798, 0.02788,25.28809, 6.01165, 1.63498,-0.15998,-0.00847, 2.46493, 0.78627,894.82002,2066.14008,1926.32095,-2.16195,-1.23872, 0.52494,
27.40000,13289.51376,2561.75671,588.65585,492.11321,-50.18395,30.97058,877.75316, 1.32910, 0.02599,25.35243, 6.04872, 1.58710,-0.16188,-0.00826, 2.47313, 0.78764,900.09441,2071.11297,1926.32095,-2.16195,-1.23872, 0.52494,
27.50000,13339.01955,2590.01656,521.79589,494.24552,-50.71303,31.49736,879.49343, 1.32068, 0.02411,25.41707, 6.08449, 1.53834,-0.16378,-0.00805, 2.48176, 0.78902,905.43413,2076.14234,1926.32095,-2.16195,-1.23872, 0.52494,
27.60000,13387.83074,2618.52363,454.30345,496.39382,-51.25330,32.00789,881.24632, 1.31272, 0.02225,25.48200, 6.11893, 1.48880,-0.16569,-0.00784, 2.49082, 0.79040,910.84048,2081.22926,1926.32095,-2.16195,-1.23872, 0.52494,
27.70000,13435.93718,2647.24402,386.16879,498.55919,-51.80441,32.50105,883.01198, 1.30524, 0.02041,25.54719, 6.15201, 1.43859,-0.16759,-0.00763, 2.50033, 0.79179,916.31468,2086.37477,1926.32095,-2.16195,-1.23872, 0.52494,
27.80000,13483.32990,2676.14306,317.38294,500.74280,-52.36596,32.97562,884.79053, 1.29823, 0.01860,25.61263, 6.18371, 1.38782,-0.16950,-0.00743, 2.51031, 0.79320,921.85790,2091.57983,1926.32095,-2.16195,-1.23872, 0.52494,
27.90000,13530.00113,2705.18532,247.93766,502.94590,-52.93754,33.43031,886.58206, 1.29171, 0.01682,25.67828, 6.21400, 1.33659,-0.17141,-0.00723, 2.52076, 0.79461,927.47123,2096.84541,1926.32095,-2.16195,-1.23872, 0.52494,
28.00000,13575.94435,2734.33468,177.82546,505.16985,-53.51872,33.86373,888.38662, 1.28569, 0.01507,25.74413, 6.24287, 1.28501,-0.17332,-0.00703, 2.53171, 0.79603,933.15573,2102.17237,1926.32095,-2.16195,-1.23872, 0.52494,
28.10000,13621.15434,2763.55438,107.03966,507.41614,-54.10906,34.27438,890.20425, 1.28016, 0.01335,25.81016, 6.27030, 1.23320,-0.17523,-0.00684, 2.54316, 0.79746,938.91234,2107.56157,1926.32095,-2.16195,-1.23872, 0.52494,
28.20000,13665.62717,2792.80707,35.57437,509.68635,-54.70806,34.66068,892.03493, 1.27512, 0.01168,25.87633, 6.29627, 1.18128,-0.17714,-0.00665, 2.55512, 0.79890,944.74195,2113.01378,1926.32095,-2.16195,-1.23872, 0.52494,
28.30000,13709.36027,2822.05489,-36.57546,511.98221,-55.31521,35.02089,893.87863, 1.27059, 0.01005,25.94263, 6.32077, 1.12935,-0.17905,-0.00647, 2.56760, 0.80035,950.64537,2118.52974,1926.32095,-2.16195,-1.23872, 0.52494,
28.40000,13752.35244,2851.25947,-109.41404,514.30557,-55.92997,35.35317,895.73527, 1.26657, 0.00847,26.00904, 6.34381, 1.07753,-0.18097,-0.00629, 2.58061, 0.80180,956.62334,2124.11011,1926.32095,-2.16195,-1.23872, 0.52494,
28.50000,13794.60389,2880.38207,-182.94470,516.65845,-56.55175,35.65551,897.60475, 1.26304, 0.00693,26.07552, 6.36538, 1.02593,-0.18288,-0.00612, 2.59416, 0.80327,962.67650,2129.75550,1926.32095,-2.16195,-1.23872, 0.52494,
28.60000,13836.11627,2909.38356,-257.16989,519.04304,-57.17994,35.92576,899.48694, 1.26001, 0.00544,26.14206, 6.38547, 0.97466,-0.18479,-0.00596, 2.60826, 0.80475,968.80540,2135.46647,1926.32095,-2.16195,-1.23872, 0.52494,
28.70000,13876.89268,2938.22456,-332.09116,521.46170,-57.81386,36.16159,901.38167, 1.25748, 0.00401,26.20863, 6.40409, 0.92385,-0.18670,-0.00580, 2.62291, 0.80623,975.01052,2141.24350,1926.32095,-2.16195,-1.23872, 0.52494,
28.80000,13916.93773,2966.86545,-407.70913,523.91698,-58.45279,36.36050,903.28873, 1.25545, 0.00263,26.27520, 6.42126, 0.87359,-0.18861,-0.00566, 2.63812, 0.80772,981.29223,2147.08701,1926.32095,-2.16195,-1.23872, 0.52494,
28.90000,13956.25752,2995.26647,-484.02349,526.41165,-59.09598,36.51978,905.20790, 1.25390, 0.00131,26.34174, 6.43698, 0.82402,-0.19052,-0.00552, 2.65389, 0.80922,987.65081,2152.99735,1926.32095,-2.16195,-1.23872, 0.52494,
29.00000,13994.85972,3023.38779,-561.03296,528.94868,-59.74259,36.63651,907.13889, 1.25283, 0.00005,26.40824, 6.45126, 0.77522,-0.19243,-0.00538, 2.67022, 0.81073,994.08645,2158.97480,1926.32095,-2.16195,-1.23872, 0.52494,
29.10000,14032.75353,3051.18956,-638.73532,531.53129,-60.39172,36.70754,909.08142, 1.25224,-0.00115,26.47464, 6.46413, 0.72734,-0.19434,-0.00526, 2.68712, 0.81224,1000.59922,2165.01957,1926.32095,-2.16195,-1.23872, 0.52494,
29.20000,14069.94974,3078.63203,-717.12734,534.16296,-61.04240,36.72948,911.03514, 1.25211,-0.00229,26.54093, 6.47561, 0.68051,-0.19625,-0.00515, 2.70458, 0.81376,1007.18910,2171.13179,1926.32095,-2.16195,-1.23872, 0.52494,
29.30000,14106.46074,3105.67561,-796.20480,536.84742,-61.69360,36.69868,912.99970, 1.25244,-0.00337,26.60714, 6.48573, 0.63480,-0.19816,-0.00504, 2.72261, 0.81529,1013.85596,2177.31154,1926.32095,-2.16195,-1.23872, 0.52494,
29.40000,14142.30050,3132.28092,-875.96250,539.58869,-62.34418,36.61124,914.97468, 1.25321,-0.00440,26.67327, 6.49451, 0.59029,-0.20006,-0.00494, 2.74121, 0.81683,1020.59955,2183.55879,1926.32095,-2.16195,-1.23872, 0.52494,
29.50000,14177.48466,3158.40893,-956.39418,542.39104,-62.99289,36.46299,916.95966, 1.25442,-0.00536,26.73929, 6.50198, 0.54705,-0.20197,-0.00485, 2.76037, 0.81837,1027.41951,2189.87344,1926.32095,-2.16195,-1.23872, 0.52494,
29.60000,14212.03045,3184.02102,-1037.49260,545.25903,-63.63841,36.24952,918.95416, 1.25605,-0.00625,26.80516, 6.50818, 0.50518,-0.20387,-0.00477, 2.78008, 0.81992,1034.31538,2196.25533,1926.32095,-2.16195,-1.23872, 0.52494,
29.70000,14245.95675,3209.07907,-1119.24947,548.19749,-64.27928,35.96612,920.95770, 1.25808,-0.00706,26.87082, 6.51314, 0.46477,-0.20578,-0.00470, 2.80035, 0.82147,1041.28657,2202.70418,1926.32095,-2.16195,-1.23872, 0.52494,
29.80000,14279.28409,3233.54558,-1201.65545,551.21149,-64.91393,35.60786,922.96973, 1.26051,-0.00780,26.93620, 6.51691, 0.42593,-0.20768,-0.00464, 2.82116, 0.82303,1048.33235,2209.21966,1926.32095,-2.16195,-1.23872, 0.52494,
29.90000,14312.03463,3257.38371,-1284.70018,554.30636,-65.54063,35.16957,924.98971, 1.26331,-0.00847,27.00123, 6.51953, 0.38876,-0.20958,-0.00460, 2.84250, 0.82459,1055.45190,2215.80133,1926.32095,-2.16195,-1.23872, 0.52494,
30.00000,14344.23214,3280.55745,-1368.37227,557.48757,-66.15754,34.64591,927.01704, 1.26647,-0.00905,27.06590, 6.52106, 0.35336,-0.21149,-0.00457, 2.86437, 0.82616,1062.64426,2222.44869,1926.32095,-2.16195,-1.23872, 0.52494,
